C:\Users\USER\AppData\Local\Programs\Python\Python39\python.exe C:/Users/USER/Desktop/Proctoring2/compareImages.py
True
[[[ 0  0  0]
  [ 2  2  2]
  [ 3  3  3]
  ...
  [ 0  0  0]
  [ 0  0  0]
  [ 0  0  0]]

 [[ 0  0  0]
  [ 1  1  1]
  [ 2  2  2]
  ...
  [ 2  2  2]
  [ 2  2  2]
  [ 2  2  2]]

 [[ 0  0  0]
  [ 0  0  0]
  [ 0  0  0]
  ...
  [ 4  4  4]
  [ 4  4  4]
  [ 4  4  4]]

 ...

 [[ 9  9  9]
  [ 7  7  7]
  [ 5  5  5]
  ...
  [ 5  0  0]
  [ 9  3  4]
  [11  5  6]]

 [[ 7  7  7]
  [ 6  6  6]
  [ 5  5  5]
  ...
  [ 8  2  3]
  [10  4  5]
  [10  4  5]]

 [[ 3  3  3]
  [ 3  3  3]
  [ 3  3  3]
  ...
  [11  5  6]
  [10  4  5]
  [ 9  3  4]]]
57016
[[[0 0 0]
  [0 0 0]
  [0 0 0]
  ...
  [4 4 4]
  [4 4 4]
  [4 4 4]]

 [[0 0 0]
  [0 0 0]
  [1 1 1]
  ...
  [0 0 0]
  [0 0 0]
  [0 0 0]]

 [[3 3 3]
  [3 3 3]
  [3 3 3]
  ...
  [2 2 2]
  [2 2 2]
  [2 2 2]]

 ...

 [[4 9 8]
  [2 7 6]
  [0 5 4]
  ...
  [0 0 0]
  [1 1 1]
  [2 2 2]]

 [[1 6 5]
  [0 5 4]
  [0 4 3]
  ...
  [3 3 3]
  [3 3 3]
  [3 3 3]]

 [[0 2 1]
  [0 2 1]
  [0 2 1]
  ...
  [6 6 6]
  [5 5 5]
  [4 4 4]]]
57658
[[[2 2 2]
  [0 0 0]
  [0 0 0]
  ...
  [0 0 0]
  [0 0 0]
  [0 0 0]]

 [[1 1 1]
  [0 0 0]
  [0 0 0]
  ...
  [1 1 1]
  [1 1 1]
  [1 1 1]]

 [[1 1 1]
  [0 0 0]
  [0 0 0]
  ...
  [2 2 2]
  [2 2 2]
  [2 2 2]]

 ...

 [[4 9 8]
  [3 8 7]
  [3 8 7]
  ...
  [0 0 0]
  [1 1 1]
  [3 3 3]]

 [[1 6 5]
  [1 6 5]
  [2 7 6]
  ...
  [2 2 2]
  [4 4 4]
  [4 4 4]]

 [[0 2 1]
  [0 3 2]
  [0 5 4]
  ...
  [6 6 6]
  [6 6 6]
  [5 5 5]]]
56843
[[[0 0 0]
  [0 0 0]
  [0 0 0]
  ...
  [0 0 0]
  [0 0 0]
  [0 0 0]]

 [[0 0 0]
  [0 0 0]
  [0 0 0]
  ...
  [2 2 2]
  [2 2 2]
  [2 2 2]]

 [[0 0 0]
  [0 0 0]
  [0 0 0]
  ...
  [4 4 4]
  [4 4 4]
  [4 4 4]]

 ...

 [[4 9 8]
  [2 7 6]
  [0 5 4]
  ...
  [0 0 0]
  [0 0 0]
  [2 2 2]]

 [[1 6 5]
  [0 5 4]
  [0 4 3]
  ...
  [0 0 0]
  [0 0 0]
  [0 0 0]]

 [[0 2 1]
  [0 2 1]
  [0 2 1]
  ...
  [2 2 2]
  [0 0 0]
  [0 0 0]]]
58392
[[[0 0 0]
  [0 0 0]
  [0 0 0]
  ...
  [2 2 2]
  [2 2 2]
  [2 2 2]]

 [[0 0 0]
  [0 0 0]
  [0 0 0]
  ...
  [2 2 2]
  [2 2 2]
  [2 2 2]]

 [[0 0 0]
  [0 0 0]
  [0 0 0]
  ...
  [1 1 1]
  [1 1 1]
  [1 1 1]]

 ...

 [[2 7 6]
  [0 5 4]
  [0 4 3]
  ...
  [0 0 0]
  [0 0 0]
  [0 0 0]]

 [[0 4 3]
  [0 3 2]
  [0 3 2]
  ...
  [0 1 0]
  [0 0 0]
  [0 0 0]]

 [[0 0 0]
  [0 0 0]
  [0 1 0]
  ...
  [0 3 0]
  [0 0 0]
  [0 0 0]]]
56907
[[[0 0 0]
  [0 0 0]
  [0 0 0]
  ...
  [2 2 2]
  [2 2 2]
  [2 2 2]]

 [[0 0 0]
  [0 0 0]
  [0 0 0]
  ...
  [2 2 2]
  [2 2 2]
  [2 2 2]]

 [[0 0 0]
  [0 0 0]
  [0 0 0]
  ...
  [1 1 1]
  [1 1 1]
  [1 1 1]]

 ...

 [[6 6 6]
  [4 4 4]
  [3 3 3]
  ...
  [0 0 0]
  [1 1 1]
  [2 2 2]]

 [[3 3 3]
  [2 2 2]
  [2 2 2]
  ...
  [3 3 3]
  [2 2 2]
  [1 1 1]]

 [[0 0 0]
  [0 0 0]
  [0 0 0]
  ...
  [6 6 6]
  [3 3 3]
  [1 1 1]]]
57197
[[[0 0 0]
  [0 0 0]
  [0 0 0]
  ...
  [2 2 2]
  [2 2 2]
  [2 2 2]]

 [[0 0 0]
  [0 0 0]
  [0 0 0]
  ...
  [2 2 2]
  [2 2 2]
  [2 2 2]]

 [[0 0 0]
  [0 0 0]
  [0 0 0]
  ...
  [1 1 1]
  [1 1 1]
  [1 1 1]]

 ...

 [[4 9 8]
  [2 7 6]
  [0 5 4]
  ...
  [0 0 0]
  [1 1 1]
  [2 2 2]]

 [[1 6 5]
  [0 5 4]
  [0 4 3]
  ...
  [0 0 0]
  [0 0 0]
  [0 0 0]]

 [[0 2 1]
  [0 2 1]
  [0 2 1]
  ...
  [1 1 1]
  [0 0 0]
  [0 0 0]]]
56988
[[[0 0 0]
  [0 0 0]
  [0 0 0]
  ...
  [2 2 2]
  [2 2 2]
  [2 2 2]]

 [[0 0 0]
  [0 0 0]
  [0 0 0]
  ...
  [2 2 2]
  [2 2 2]
  [2 2 2]]

 [[0 0 0]
  [0 0 0]
  [0 0 0]
  ...
  [1 1 1]
  [1 1 1]
  [1 1 1]]

 ...

 [[4 9 8]
  [2 7 6]
  [0 5 4]
  ...
  [0 0 0]
  [1 1 1]
  [2 2 2]]

 [[1 6 5]
  [0 5 4]
  [0 4 3]
  ...
  [3 3 3]
  [2 2 2]
  [1 1 1]]

 [[0 2 1]
  [0 2 1]
  [0 2 1]
  ...
  [6 6 6]
  [3 3 3]
  [1 1 1]]]
61620
[[[0 0 0]
  [0 0 0]
  [0 0 0]
  ...
  [1 1 1]
  [0 0 0]
  [0 0 0]]

 [[0 0 0]
  [0 0 0]
  [0 0 0]
  ...
  [1 1 1]
  [0 0 0]
  [0 0 0]]

 [[0 0 0]
  [0 0 0]
  [0 0 0]
  ...
  [0 0 0]
  [0 0 0]
  [0 0 0]]

 ...

 [[2 7 6]
  [0 5 4]
  [0 4 3]
  ...
  [0 0 0]
  [0 0 0]
  [1 1 1]]

 [[0 4 3]
  [0 3 2]
  [0 3 2]
  ...
  [1 1 1]
  [1 1 1]
  [0 0 0]]

 [[0 0 0]
  [0 0 0]
  [0 1 0]
  ...
  [3 3 3]
  [1 1 1]
  [0 0 0]]]
61687
[[[0 0 0]
  [0 0 0]
  [2 2 2]
  ...
  [2 2 2]
  [2 2 2]
  [2 2 2]]

 [[0 0 0]
  [0 0 0]
  [0 0 0]
  ...
  [2 2 2]
  [2 2 2]
  [2 2 2]]

 [[0 0 0]
  [0 0 0]
  [0 0 0]
  ...
  [1 1 1]
  [1 1 1]
  [1 1 1]]

 ...

 [[4 9 8]
  [2 7 6]
  [0 5 4]
  ...
  [0 0 0]
  [2 2 2]
  [3 3 3]]

 [[1 6 5]
  [0 5 4]
  [0 4 3]
  ...
  [2 2 2]
  [2 2 2]
  [1 1 1]]

 [[0 2 1]
  [0 2 1]
  [0 2 1]
  ...
  [5 5 5]
  [3 3 3]
  [1 1 1]]]
63004
[[[0 0 0]
  [0 0 0]
  [0 0 0]
  ...
  [2 2 2]
  [2 2 2]
  [2 2 2]]

 [[0 0 0]
  [0 0 0]
  [0 0 0]
  ...
  [2 2 2]
  [2 2 2]
  [2 2 2]]

 [[1 1 1]
  [1 1 1]
  [1 1 1]
  ...
  [1 1 1]
  [1 1 1]
  [1 1 1]]

 ...

 [[3 8 7]
  [1 6 5]
  [0 4 3]
  ...
  [0 0 0]
  [2 2 2]
  [3 3 3]]

 [[2 7 6]
  [1 6 5]
  [0 5 4]
  ...
  [2 2 2]
  [2 2 2]
  [1 1 1]]

 [[0 5 4]
  [0 5 4]
  [0 4 3]
  ...
  [5 5 5]
  [3 3 3]
  [1 1 1]]]
65564
[[[0 0 0]
  [0 0 0]
  [0 0 0]
  ...
  [2 2 2]
  [2 2 2]
  [2 2 2]]

 [[0 0 0]
  [0 0 0]
  [0 0 0]
  ...
  [2 2 2]
  [2 2 2]
  [2 2 2]]

 [[0 0 0]
  [0 0 0]
  [0 0 0]
  ...
  [1 1 1]
  [1 1 1]
  [1 1 1]]

 ...

 [[6 6 6]
  [4 4 4]
  [3 3 3]
  ...
  [0 0 0]
  [2 2 2]
  [3 3 3]]

 [[3 3 3]
  [2 2 2]
  [2 2 2]
  ...
  [2 2 2]
  [2 2 2]
  [1 1 1]]

 [[0 0 0]
  [0 0 0]
  [0 0 0]
  ...
  [5 5 5]
  [3 3 3]
  [1 1 1]]]
66779
[[[ 0  0  0]
  [ 2  2  2]
  [ 4  4  4]
  ...
  [ 1  1  1]
  [ 0  0  0]
  [ 0  0  0]]

 [[ 0  0  0]
  [ 0  0  0]
  [ 0  0  0]
  ...
  [ 1  1  1]
  [ 0  0  0]
  [ 0  0  0]]

 [[ 0  0  0]
  [ 0  0  0]
  [ 0  0  0]
  ...
  [ 1  1  1]
  [ 0  0  0]
  [ 0  0  0]]

 ...

 [[ 5  5  5]
  [ 4  4  4]
  [ 4  4  4]
  ...
  [ 0  0  2]
  [ 2  0  9]
  [ 4  1 11]]

 [[ 5  5  5]
  [ 3  3  3]
  [ 1  1  1]
  ...
  [ 2  0  9]
  [ 3  0 20]
  [ 3  0 20]]

 [[ 3  3  3]
  [ 1  1  1]
  [ 0  0  0]
  ...
  [ 4  0 11]
  [ 3  0 20]
  [ 2  0 19]]]
55301
[[[ 0  0  0]
  [ 0  0  0]
  [ 2  2  2]
  ...
  [ 1  1  1]
  [ 0  0  0]
  [ 0  0  0]]

 [[ 0  0  0]
  [ 0  0  0]
  [ 1  1  1]
  ...
  [ 1  1  1]
  [ 0  0  0]
  [ 0  0  0]]

 [[ 0  0  0]
  [ 0  0  0]
  [ 0  0  0]
  ...
  [ 1  1  1]
  [ 0  0  0]
  [ 0  0  0]]

 ...

 [[ 8  8  8]
  [ 6  6  6]
  [ 4  4  4]
  ...
  [ 3  0  1]
  [ 6  0  8]
  [ 8  0 10]]

 [[ 5  5  5]
  [ 4  4  4]
  [ 3  3  3]
  ...
  [ 5  0  7]
  [ 6  0 18]
  [ 6  0 18]]

 [[ 1  1  1]
  [ 1  1  1]
  [ 1  1  1]
  ...
  [ 8  0 10]
  [ 7  0 19]
  [ 5  0 17]]]
56754
[[[ 0  0  0]
  [ 0  0  0]
  [ 0  0  0]
  ...
  [ 0  0  0]
  [ 0  0  0]
  [ 0  0  0]]

 [[ 0  0  0]
  [ 0  0  0]
  [ 0  0  0]
  ...
  [ 0  0  0]
  [ 0  0  0]
  [ 0  0  0]]

 [[ 0  0  0]
  [ 0  0  0]
  [ 0  0  0]
  ...
  [ 0  0  0]
  [ 0  0  0]
  [ 0  0  0]]

 ...

 [[ 6  6  6]
  [ 5  5  5]
  [ 5  5  5]
  ...
  [ 4  0  2]
  [ 7  0  9]
  [ 9  0 11]]

 [[ 3  3  3]
  [ 3  3  3]
  [ 4  4  4]
  ...
  [ 7  0  9]
  [ 8  0 20]
  [ 8  0 20]]

 [[ 0  0  0]
  [ 0  0  0]
  [ 2  2  2]
  ...
  [ 9  0 11]
  [ 8  0 20]
  [ 7  0 19]]]
57182
[[[ 0  0  0]
  [ 0  0  0]
  [ 0  0  0]
  ...
  [ 2  2  2]
  [ 2  2  2]
  [ 2  2  2]]

 [[ 0  0  0]
  [ 0  0  0]
  [ 0  0  0]
  ...
  [ 2  2  2]
  [ 2  2  2]
  [ 2  2  2]]

 [[ 0  0  0]
  [ 0  0  0]
  [ 0  0  0]
  ...
  [ 1  1  1]
  [ 1  1  1]
  [ 1  1  1]]

 ...

 [[ 6  6  6]
  [ 5  5  5]
  [ 5  5  5]
  ...
  [ 3  0  0]
  [ 6  0  1]
  [ 8  2  3]]

 [[ 3  3  3]
  [ 3  3  3]
  [ 4  4  4]
  ...
  [ 7  1  2]
  [ 9  3  4]
  [ 9  3  4]]

 [[ 0  0  0]
  [ 0  0  0]
  [ 2  2  2]
  ...
  [11  5  6]
  [11  5  6]
  [10  4  5]]]
56465
[[[ 0  0  0]
  [ 0  1  0]
  [ 0  1  0]
  ...
  [ 0  0  0]
  [ 0  0  0]
  [ 0  0  0]]

 [[ 0  0  0]
  [ 0  0  0]
  [ 0  0  0]
  ...
  [ 2  2  2]
  [ 2  2  2]
  [ 2  2  2]]

 [[ 0  0  0]
  [ 0  0  0]
  [ 0  0  0]
  ...
  [ 4  4  4]
  [ 4  4  4]
  [ 4  4  4]]

 ...

 [[ 4  4  4]
  [ 3  3  3]
  [ 2  2  2]
  ...
  [ 3  0  1]
  [ 8  0 10]
  [11  2 13]]

 [[ 3  3  3]
  [ 3  3  3]
  [ 4  4  4]
  ...
  [ 6  0  8]
  [ 9  0 21]
  [10  0 22]]

 [[ 2  2  2]
  [ 3  3  3]
  [ 4  4  4]
  ...
  [ 8  0 10]
  [ 9  0 21]
  [ 9  0 21]]]
57326
[[[0 0 0]
  [1 1 1]
  [1 1 1]
  ...
  [0 0 0]
  [0 0 0]
  [0 0 0]]

 [[0 0 0]
  [0 0 0]
  [0 0 0]
  ...
  [0 0 0]
  [0 0 0]
  [0 0 0]]

 [[0 0 0]
  [0 0 0]
  [0 0 0]
  ...
  [0 0 0]
  [0 0 0]
  [0 0 0]]

 ...

 [[2 7 6]
  [1 6 5]
  [1 6 5]
  ...
  [3 0 0]
  [6 0 1]
  [8 2 3]]

 [[0 4 3]
  [0 4 3]
  [0 5 4]
  ...
  [5 0 0]
  [6 0 1]
  [6 0 1]]

 [[0 0 0]
  [0 1 0]
  [0 3 2]
  ...
  [7 1 2]
  [6 0 1]
  [4 0 0]]]
59778
[[[0 0 0]
  [0 0 0]
  [0 0 0]
  ...
  [2 2 2]
  [2 2 2]
  [2 2 2]]

 [[0 0 0]
  [0 0 0]
  [0 0 0]
  ...
  [2 2 2]
  [2 2 2]
  [2 2 2]]

 [[0 0 0]
  [0 0 0]
  [0 0 0]
  ...
  [1 1 1]
  [1 1 1]
  [1 1 1]]

 ...

 [[8 8 8]
  [6 6 6]
  [4 4 4]
  ...
  [3 0 0]
  [6 0 1]
  [8 2 3]]

 [[5 5 5]
  [4 4 4]
  [3 3 3]
  ...
  [5 0 0]
  [6 0 1]
  [6 0 1]]

 [[1 1 1]
  [1 1 1]
  [1 1 1]
  ...
  [7 1 2]
  [6 0 1]
  [4 0 0]]]
60819
[[[7 9 5]
  [6 8 4]
  [3 5 1]
  ...
  [0 0 0]
  [0 0 0]
  [0 0 0]]

 [[5 7 3]
  [4 6 2]
  [2 4 0]
  ...
  [0 0 0]
  [0 0 0]
  [0 0 0]]

 [[2 4 0]
  [1 3 0]
  [0 2 0]
  ...
  [0 0 0]
  [0 0 0]
  [0 0 0]]

 ...

 [[7 7 7]
  [5 5 5]
  [3 3 3]
  ...
  [4 0 0]
  [7 1 2]
  [9 3 4]]

 [[6 6 6]
  [5 5 5]
  [4 4 4]
  ...
  [7 1 2]
  [8 2 3]
  [8 2 3]]

 [[4 4 4]
  [4 4 4]
  [3 3 3]
  ...
  [9 3 4]
  [8 2 3]
  [7 1 2]]]
60626
[[[ 2  2  2]
  [ 3  3  3]
  [ 2  2  2]
  ...
  [ 4  4  4]
  [ 5  5  5]
  [ 6  6  6]]

 [[ 1  1  1]
  [ 1  1  1]
  [ 1  1  1]
  ...
  [ 1  1  1]
  [ 1  1  1]
  [ 1  1  1]]

 [[ 0  0  0]
  [ 0  0  0]
  [ 0  0  0]
  ...
  [ 0  0  0]
  [ 0  0  0]
  [ 0  0  0]]

 ...

 [[ 6  6  6]
  [ 4  4  4]
  [ 3  3  3]
  ...
  [ 0  0  0]
  [ 0  0  6]
  [ 6  3 13]]

 [[ 3  3  3]
  [ 2  2  2]
  [ 2  2  2]
  ...
  [ 0  0  3]
  [ 0  0 14]
  [ 5  0 22]]

 [[ 0  0  0]
  [ 0  0  0]
  [ 0  0  0]
  ...
  [ 0  0  4]
  [ 0  0 13]
  [ 5  0 22]]]
60840
[[[0 2 0]
  [1 3 0]
  [1 3 0]
  ...
  [2 2 2]
  [4 4 4]
  [4 4 4]]

 [[0 1 0]
  [0 2 0]
  [0 2 0]
  ...
  [0 0 0]
  [0 0 0]
  [0 0 0]]

 [[0 0 0]
  [0 0 0]
  [0 0 0]
  ...
  [0 0 0]
  [0 0 0]
  [0 0 0]]

 ...

 [[6 6 6]
  [4 4 4]
  [3 3 3]
  ...
  [2 0 0]
  [4 0 0]
  [6 0 1]]

 [[3 3 3]
  [2 2 2]
  [2 2 2]
  ...
  [4 0 0]
  [4 0 0]
  [4 0 0]]

 [[0 0 0]
  [0 0 0]
  [0 0 0]
  ...
  [6 0 1]
  [4 0 0]
  [3 0 0]]]
62828
[[[0 0 0]
  [0 0 0]
  [0 0 0]
  ...
  [0 0 0]
  [0 0 0]
  [0 0 0]]

 [[0 0 0]
  [0 0 0]
  [0 0 0]
  ...
  [1 1 1]
  [1 1 1]
  [1 1 1]]

 [[0 0 0]
  [0 0 0]
  [0 0 0]
  ...
  [2 2 2]
  [2 2 2]
  [2 2 2]]

 ...

 [[8 8 8]
  [6 6 6]
  [4 4 4]
  ...
  [2 0 0]
  [4 0 0]
  [6 0 1]]

 [[5 5 5]
  [4 4 4]
  [3 3 3]
  ...
  [4 0 0]
  [4 0 0]
  [4 0 0]]

 [[1 1 1]
  [1 1 1]
  [1 1 1]
  ...
  [6 0 1]
  [4 0 0]
  [3 0 0]]]
59985
[[[0 0 0]
  [0 0 0]
  [0 0 0]
  ...
  [0 0 0]
  [0 0 0]
  [1 1 1]]

 [[0 0 0]
  [0 0 0]
  [0 0 0]
  ...
  [0 0 0]
  [1 1 1]
  [2 2 2]]

 [[0 0 0]
  [0 0 0]
  [0 0 0]
  ...
  [1 1 1]
  [3 3 3]
  [4 4 4]]

 ...

 [[4 9 8]
  [2 7 6]
  [0 5 4]
  ...
  [4 0 0]
  [5 0 0]
  [6 0 1]]

 [[1 6 5]
  [0 5 4]
  [0 4 3]
  ...
  [6 0 1]
  [6 0 1]
  [5 0 0]]

 [[0 2 1]
  [0 2 1]
  [0 2 1]
  ...
  [8 2 3]
  [6 0 1]
  [4 0 0]]]
59388
[[[0 0 0]
  [0 0 0]
  [0 2 0]
  ...
  [1 2 0]
  [3 4 0]
  [4 5 1]]

 [[0 0 0]
  [0 0 0]
  [0 1 0]
  ...
  [1 2 0]
  [2 3 0]
  [3 4 0]]

 [[0 0 0]
  [0 0 0]
  [0 0 0]
  ...
  [1 2 0]
  [2 3 0]
  [3 4 0]]

 ...

 [[3 8 7]
  [1 6 5]
  [1 6 5]
  ...
  [0 0 0]
  [1 0 0]
  [2 0 0]]

 [[2 7 6]
  [1 6 5]
  [0 3 2]
  ...
  [4 0 0]
  [3 0 0]
  [2 0 0]]

 [[0 5 4]
  [0 3 2]
  [0 1 0]
  ...
  [9 3 4]
  [6 0 1]
  [3 0 0]]]
59590
[[[1 3 0]
  [1 3 0]
  [1 3 0]
  ...
  [0 0 0]
  [0 0 0]
  [1 1 1]]

 [[0 1 0]
  [0 2 0]
  [0 1 0]
  ...
  [0 0 0]
  [0 0 0]
  [0 0 0]]

 [[0 0 0]
  [0 0 0]
  [0 0 0]
  ...
  [2 2 2]
  [0 0 0]
  [0 0 0]]

 ...

 [[7 7 7]
  [5 5 5]
  [4 4 4]
  ...
  [0 0 0]
  [0 0 0]
  [0 0 0]]

 [[2 2 2]
  [1 1 1]
  [1 1 1]
  ...
  [0 0 0]
  [0 0 0]
  [0 0 0]]

 [[0 0 0]
  [0 0 0]
  [0 0 0]
  ...
  [2 2 2]
  [0 0 0]
  [0 0 0]]]
62090
[[[ 0  0  0]
  [ 0  0  0]
  [ 0  0  0]
  ...
  [ 1  1  1]
  [ 2  2  2]
  [ 3  3  3]]

 [[ 0  0  0]
  [ 0  0  0]
  [ 0  0  0]
  ...
  [ 2  2  2]
  [ 3  3  3]
  [ 3  3  3]]

 [[ 0  0  0]
  [ 0  0  0]
  [ 0  0  0]
  ...
  [ 3  3  3]
  [ 4  4  4]
  [ 4  4  4]]

 ...

 [[11 11 11]
  [ 8  8  8]
  [ 4  4  4]
  ...
  [ 0  0  0]
  [ 1  1  1]
  [ 1  1  1]]

 [[ 6  6  6]
  [ 4  4  4]
  [ 1  1  1]
  ...
  [ 2  2  2]
  [ 1  1  1]
  [ 0  0  0]]

 [[ 0  0  0]
  [ 0  0  0]
  [ 0  0  0]
  ...
  [ 4  4  4]
  [ 0  0  0]
  [ 0  0  0]]]
63476
[[[ 0  0  0]
  [ 0  0  0]
  [ 0  0  0]
  ...
  [ 1  1  1]
  [ 2  2  2]
  [ 3  3  3]]

 [[ 0  0  0]
  [ 1  1  1]
  [ 0  0  0]
  ...
  [ 2  2  2]
  [ 3  3  3]
  [ 3  3  3]]

 [[ 0  0  0]
  [ 0  0  0]
  [ 0  0  0]
  ...
  [ 3  3  3]
  [ 4  4  4]
  [ 4  4  4]]

 ...

 [[11 11 11]
  [ 8  8  8]
  [ 5  5  5]
  ...
  [ 5  0  0]
  [ 6  0  1]
  [ 6  0  1]]

 [[ 5  5  5]
  [ 4  4  4]
  [ 2  2  2]
  ...
  [ 7  1  2]
  [ 6  0  1]
  [ 4  0  0]]

 [[ 0  0  0]
  [ 0  0  0]
  [ 0  0  0]
  ...
  [ 9  3  4]
  [ 5  0  0]
  [ 3  0  0]]]
61455
[[[ 0  0  0]
  [ 0  0  0]
  [ 0  0  0]
  ...
  [ 0  0  0]
  [ 0  0  0]
  [ 0  0  0]]

 [[ 0  0  0]
  [ 0  0  0]
  [ 0  0  0]
  ...
  [ 1  1  1]
  [ 1  1  1]
  [ 1  1  1]]

 [[ 0  0  0]
  [ 0  0  0]
  [ 0  0  0]
  ...
  [ 2  2  2]
  [ 2  2  2]
  [ 2  2  2]]

 ...

 [[11 11 11]
  [ 9  9  9]
  [ 7  7  7]
  ...
  [ 0  0  0]
  [ 1  1  1]
  [ 3  3  3]]

 [[ 5  5  5]
  [ 4  4  4]
  [ 3  3  3]
  ...
  [ 0  0  0]
  [ 1  1  1]
  [ 1  1  1]]

 [[ 0  0  0]
  [ 0  0  0]
  [ 0  0  0]
  ...
  [ 3  3  3]
  [ 2  2  2]
  [ 0  0  0]]]
62800
[[[0 0 0]
  [0 0 0]
  [0 0 0]
  ...
  [0 0 0]
  [1 1 1]
  [3 3 3]]

 [[0 0 0]
  [0 0 0]
  [0 0 0]
  ...
  [0 0 0]
  [2 2 2]
  [4 4 4]]

 [[0 0 0]
  [0 0 0]
  [0 0 0]
  ...
  [1 1 1]
  [3 3 3]
  [4 4 4]]

 ...

 [[9 9 9]
  [7 7 7]
  [5 5 5]
  ...
  [1 0 0]
  [3 0 0]
  [5 0 0]]

 [[4 4 4]
  [3 3 3]
  [3 3 3]
  ...
  [5 0 0]
  [5 0 0]
  [5 0 0]]

 [[0 0 0]
  [0 0 0]
  [0 0 0]
  ...
  [8 2 3]
  [7 1 2]
  [6 0 1]]]
64227
[[[0 0 0]
  [0 0 0]
  [0 0 0]
  ...
  [0 0 0]
  [4 4 4]
  [6 6 6]]

 [[0 0 0]
  [0 0 0]
  [0 0 0]
  ...
  [0 0 0]
  [3 3 3]
  [5 5 5]]

 [[0 0 0]
  [0 0 0]
  [0 0 0]
  ...
  [1 1 1]
  [2 2 2]
  [3 3 3]]

 ...

 [[6 6 6]
  [4 4 4]
  [3 3 3]
  ...
  [3 0 0]
  [4 0 0]
  [4 0 0]]

 [[3 3 3]
  [2 2 2]
  [2 2 2]
  ...
  [4 0 0]
  [4 0 0]
  [2 0 0]]

 [[0 0 0]
  [0 0 0]
  [0 0 0]
  ...
  [6 0 1]
  [4 0 0]
  [2 0 0]]]
61011
[[[0 0 0]
  [0 0 0]
  [0 0 0]
  ...
  [4 4 4]
  [4 4 4]
  [4 4 4]]

 [[0 0 0]
  [0 0 0]
  [0 0 0]
  ...
  [1 1 1]
  [1 1 1]
  [1 1 1]]

 [[0 0 0]
  [0 0 0]
  [0 0 0]
  ...
  [0 0 0]
  [0 0 0]
  [0 0 0]]

 ...

 [[9 9 9]
  [8 8 8]
  [6 6 6]
  ...
  [2 0 0]
  [4 0 0]
  [6 0 1]]

 [[5 5 5]
  [4 4 4]
  [4 4 4]
  ...
  [4 0 0]
  [4 0 0]
  [4 0 0]]

 [[0 0 0]
  [0 0 0]
  [2 2 2]
  ...
  [6 0 1]
  [4 0 0]
  [3 0 0]]]
64127
[[[0 0 0]
  [0 0 0]
  [0 0 0]
  ...
  [0 0 0]
  [0 0 0]
  [0 0 0]]

 [[0 0 0]
  [0 0 0]
  [0 0 0]
  ...
  [1 1 1]
  [0 0 0]
  [0 0 0]]

 [[0 0 0]
  [0 0 0]
  [0 0 0]
  ...
  [3 3 3]
  [3 3 3]
  [4 4 4]]

 ...

 [[7 7 7]
  [6 6 6]
  [4 4 4]
  ...
  [2 0 0]
  [4 0 0]
  [5 0 0]]

 [[5 5 5]
  [4 4 4]
  [4 4 4]
  ...
  [4 0 0]
  [4 0 0]
  [3 0 0]]

 [[1 1 1]
  [1 1 1]
  [2 2 2]
  ...
  [8 2 3]
  [5 0 0]
  [3 0 0]]]
61111
[[[ 0  0  0]
  [ 0  0  0]
  [ 0  0  0]
  ...
  [ 0  0  0]
  [ 0  0  0]
  [ 0  0  0]]

 [[ 0  0  0]
  [ 0  0  0]
  [ 0  0  0]
  ...
  [ 0  0  0]
  [ 0  0  0]
  [ 0  0  0]]

 [[ 0  0  0]
  [ 0  0  0]
  [ 0  0  0]
  ...
  [ 1  1  1]
  [ 1  1  1]
  [ 1  1  1]]

 ...

 [[ 8  8  8]
  [ 6  6  6]
  [ 4  4  4]
  ...
  [ 1  0  0]
  [ 2  0  0]
  [ 3  0  0]]

 [[ 5  5  5]
  [ 4  4  4]
  [ 3  3  3]
  ...
  [ 6  0  1]
  [ 5  0  0]
  [ 3  0  0]]

 [[ 1  1  1]
  [ 1  1  1]
  [ 1  1  1]
  ...
  [11  5  6]
  [ 8  2  3]
  [ 5  0  0]]]
62430
[[[0 0 0]
  [1 1 1]
  [0 0 0]
  ...
  [2 2 2]
  [2 2 2]
  [2 2 2]]

 [[0 0 0]
  [0 0 0]
  [0 0 0]
  ...
  [2 2 2]
  [2 2 2]
  [2 2 2]]

 [[0 0 0]
  [0 0 0]
  [0 0 0]
  ...
  [1 1 1]
  [1 1 1]
  [1 1 1]]

 ...

 [[9 9 9]
  [7 7 7]
  [5 5 5]
  ...
  [3 0 0]
  [6 0 1]
  [7 1 2]]

 [[7 7 7]
  [6 6 6]
  [5 5 5]
  ...
  [6 0 1]
  [6 0 1]
  [5 0 0]]

 [[3 3 3]
  [3 3 3]
  [3 3 3]
  ...
  [8 2 3]
  [6 0 1]
  [5 0 0]]]
62856
[[[ 0  0  0]
  [ 0  0  0]
  [ 0  0  0]
  ...
  [ 2  2  2]
  [ 2  2  2]
  [ 2  2  2]]

 [[ 0  0  0]
  [ 0  0  0]
  [ 0  0  0]
  ...
  [ 2  2  2]
  [ 2  2  2]
  [ 2  2  2]]

 [[ 0  0  0]
  [ 0  0  0]
  [ 0  0  0]
  ...
  [ 1  1  1]
  [ 1  1  1]
  [ 1  1  1]]

 ...

 [[ 9  9  9]
  [ 7  7  7]
  [ 5  5  5]
  ...
  [ 4  0  0]
  [ 5  0  0]
  [ 5  0  0]]

 [[ 7  7  7]
  [ 6  6  6]
  [ 5  5  5]
  ...
  [ 7  1  2]
  [ 5  0  0]
  [ 3  0  0]]

 [[ 3  3  3]
  [ 3  3  3]
  [ 3  3  3]
  ...
  [10  4  5]
  [ 5  0  0]
  [ 1  0  0]]]
61147
[[[ 0  0  0]
  [ 0  0  0]
  [ 0  0  0]
  ...
  [ 0  0  0]
  [ 0  0  0]
  [ 0  0  0]]

 [[ 0  0  0]
  [ 0  0  0]
  [ 0  0  0]
  ...
  [ 0  0  0]
  [ 0  0  0]
  [ 0  0  0]]

 [[ 0  0  0]
  [ 0  0  0]
  [ 0  0  0]
  ...
  [ 0  0  0]
  [ 0  0  0]
  [ 0  0  0]]

 ...

 [[ 8  8  8]
  [ 6  6  6]
  [ 4  4  4]
  ...
  [ 0  0  0]
  [ 0  0  2]
  [ 7  0  9]]

 [[ 5  5  5]
  [ 4  4  4]
  [ 3  3  3]
  ...
  [ 3  0  5]
  [ 5  0 17]
  [12  0 24]]

 [[ 1  1  1]
  [ 1  1  1]
  [ 1  1  1]
  ...
  [10  0 12]
  [11  0 23]
  [20  5 27]]]
62695
[[[ 5  5  5]
  [ 0  0  0]
  [ 0  0  0]
  ...
  [ 2  2  2]
  [ 2  2  2]
  [ 2  2  2]]

 [[ 5  5  5]
  [ 1  1  1]
  [ 0  0  0]
  ...
  [ 2  2  2]
  [ 2  2  2]
  [ 2  2  2]]

 [[ 4  4  4]
  [ 1  1  1]
  [ 0  0  0]
  ...
  [ 1  1  1]
  [ 1  1  1]
  [ 1  1  1]]

 ...

 [[ 8  8  8]
  [ 6  6  6]
  [ 4  4  4]
  ...
  [ 0  0  0]
  [ 0  0  2]
  [ 0  0  4]]

 [[ 5  5  5]
  [ 4  4  4]
  [ 3  3  3]
  ...
  [ 0  0  1]
  [ 0  0 14]
  [ 1  0 15]]

 [[ 1  1  1]
  [ 1  1  1]
  [ 1  1  1]
  ...
  [ 4  2  6]
  [ 3  0 17]
  [ 2  0 16]]]
61845
[[[ 0  0  0]
  [ 2  2  2]
  [ 3  3  3]
  ...
  [ 0  0  0]
  [ 0  0  0]
  [ 0  0  0]]

 [[ 0  0  0]
  [ 1  1  1]
  [ 2  2  2]
  ...
  [ 0  0  0]
  [ 0  0  0]
  [ 0  0  0]]

 [[ 0  0  0]
  [ 0  0  0]
  [ 0  0  0]
  ...
  [ 2  2  2]
  [ 2  2  2]
  [ 2  2  2]]

 ...

 [[ 8  8  8]
  [ 6  6  6]
  [ 4  4  4]
  ...
  [ 0  0  0]
  [ 0  0  4]
  [ 0  0  4]]

 [[ 5  5  5]
  [ 4  4  4]
  [ 3  3  3]
  ...
  [ 1  0  8]
  [ 0  0 17]
  [ 0  0 16]]

 [[ 1  1  1]
  [ 1  1  1]
  [ 1  1  1]
  ...
  [ 5  1 12]
  [ 4  0 21]
  [ 2  0 19]]]
59854
[[[ 2  2  2]
  [ 1  1  1]
  [ 0  0  0]
  ...
  [ 0  0  0]
  [ 0  0  0]
  [ 0  0  0]]

 [[ 0  0  0]
  [ 0  0  0]
  [ 0  0  0]
  ...
  [ 0  0  0]
  [ 0  0  0]
  [ 0  0  0]]

 [[ 0  0  0]
  [ 0  0  0]
  [ 0  0  0]
  ...
  [ 2  2  2]
  [ 2  2  2]
  [ 2  2  2]]

 ...

 [[10 10 10]
  [ 5  5  5]
  [ 1  1  1]
  ...
  [ 0  0  0]
  [ 1  0  0]
  [ 8  2  3]]

 [[ 7  7  7]
  [ 3  3  3]
  [ 0  0  0]
  ...
  [ 2  0  0]
  [ 3  0  0]
  [11  5  6]]

 [[ 3  3  3]
  [ 0  0  0]
  [ 0  0  0]
  ...
  [ 6  0  1]
  [ 6  0  1]
  [16 10 11]]]
60219
[[[ 0  0  0]
  [ 0  0  0]
  [ 0  2  0]
  ...
  [ 0  0  0]
  [ 0  0  0]
  [ 0  0  0]]

 [[ 0  0  0]
  [ 0  0  0]
  [ 0  2  0]
  ...
  [ 2  2  2]
  [ 2  2  2]
  [ 2  2  2]]

 [[ 0  0  0]
  [ 0  0  0]
  [ 0  2  0]
  ...
  [ 4  4  4]
  [ 4  4  4]
  [ 4  4  4]]

 ...

 [[ 6  6  6]
  [ 5  5  5]
  [ 5  5  5]
  ...
  [ 3  0  1]
  [ 5  0  7]
  [12  3 14]]

 [[ 2  2  2]
  [ 3  3  3]
  [ 4  4  4]
  ...
  [ 5  0  7]
  [ 5  0 17]
  [12  0 24]]

 [[ 0  0  0]
  [ 0  0  0]
  [ 2  2  2]
  ...
  [ 7  0  9]
  [ 5  0 17]
  [13  0 25]]]
60814
[[[0 2 0]
  [2 4 0]
  [3 5 1]
  ...
  [0 0 0]
  [0 0 0]
  [0 0 0]]

 [[0 1 0]
  [1 3 0]
  [2 4 0]
  ...
  [0 0 0]
  [0 0 0]
  [0 0 0]]

 [[0 0 0]
  [0 0 0]
  [0 2 0]
  ...
  [0 0 0]
  [0 0 0]
  [0 0 0]]

 ...

 [[6 6 6]
  [5 5 5]
  [5 5 5]
  ...
  [0 0 0]
  [0 0 0]
  [0 0 0]]

 [[2 2 2]
  [3 3 3]
  [4 4 4]
  ...
  [2 2 2]
  [0 0 0]
  [0 0 0]]

 [[0 0 0]
  [0 0 0]
  [2 2 2]
  ...
  [5 5 5]
  [0 0 0]
  [0 0 0]]]
60993
[[[ 0  0  0]
  [ 1  1  1]
  [ 1  1  1]
  ...
  [ 2  2  2]
  [ 2  2  2]
  [ 2  2  2]]

 [[ 0  0  0]
  [ 0  0  0]
  [ 0  0  0]
  ...
  [ 2  2  2]
  [ 2  2  2]
  [ 2  2  2]]

 [[ 0  0  0]
  [ 0  0  0]
  [ 0  0  0]
  ...
  [ 1  1  1]
  [ 1  1  1]
  [ 1  1  1]]

 ...

 [[ 8  8  8]
  [ 6  6  6]
  [ 4  4  4]
  ...
  [ 5  0  0]
  [ 7  1  2]
  [ 8  2  3]]

 [[ 5  5  5]
  [ 4  4  4]
  [ 3  3  3]
  ...
  [ 7  1  2]
  [ 7  1  2]
  [ 6  0  1]]

 [[ 1  1  1]
  [ 1  1  1]
  [ 1  1  1]
  ...
  [10  4  5]
  [ 8  2  3]
  [ 6  0  1]]]
61615
[[[ 0  0  0]
  [ 0  0  0]
  [ 0  0  0]
  ...
  [ 0  0  0]
  [ 0  0  0]
  [ 0  0  0]]

 [[ 0  0  0]
  [ 0  0  0]
  [ 0  0  0]
  ...
  [ 0  0  0]
  [ 0  0  0]
  [ 0  0  0]]

 [[ 0  0  0]
  [ 0  0  0]
  [ 0  0  0]
  ...
  [ 0  0  0]
  [ 0  0  0]
  [ 0  0  0]]

 ...

 [[ 6  6  6]
  [ 4  4  4]
  [ 3  3  3]
  ...
  [ 5  0  3]
  [ 7  0  9]
  [ 8  0 10]]

 [[ 3  3  3]
  [ 2  2  2]
  [ 2  2  2]
  ...
  [ 7  0  9]
  [ 7  0 19]
  [ 6  0 18]]

 [[ 0  0  0]
  [ 0  0  0]
  [ 0  0  0]
  ...
  [10  0 12]
  [ 8  0 20]
  [ 6  0 18]]]
60345
[[[ 1  1  1]
  [ 2  2  2]
  [ 4  4  4]
  ...
  [ 2  2  2]
  [ 2  2  2]
  [ 2  2  2]]

 [[ 0  0  0]
  [ 0  0  0]
  [ 0  0  0]
  ...
  [ 2  2  2]
  [ 2  2  2]
  [ 2  2  2]]

 [[ 0  0  0]
  [ 0  0  0]
  [ 0  0  0]
  ...
  [ 1  1  1]
  [ 1  1  1]
  [ 1  1  1]]

 ...

 [[ 2  2  2]
  [ 1  1  1]
  [ 1  1  1]
  ...
  [ 5  0  0]
  [ 7  1  2]
  [ 8  2  3]]

 [[ 1  1  1]
  [ 1  1  1]
  [ 2  2  2]
  ...
  [ 7  1  2]
  [ 7  1  2]
  [ 6  0  1]]

 [[ 0  0  0]
  [ 1  1  1]
  [ 3  3  3]
  ...
  [10  4  5]
  [ 8  2  3]
  [ 6  0  1]]]
61172
[[[0 0 0]
  [0 0 0]
  [0 0 0]
  ...
  [0 0 0]
  [0 0 0]
  [0 0 0]]

 [[0 0 0]
  [0 0 0]
  [0 0 0]
  ...
  [0 0 0]
  [0 0 0]
  [0 0 0]]

 [[0 0 0]
  [0 0 0]
  [0 0 0]
  ...
  [0 0 0]
  [0 0 0]
  [0 0 0]]

 ...

 [[6 6 6]
  [5 5 5]
  [5 5 5]
  ...
  [2 0 0]
  [5 0 0]
  [7 1 2]]

 [[3 3 3]
  [3 3 3]
  [4 4 4]
  ...
  [6 0 1]
  [7 1 2]
  [7 1 2]]

 [[0 0 0]
  [0 0 0]
  [2 2 2]
  ...
  [9 3 4]
  [8 2 3]
  [7 1 2]]]
61679
[[[2 2 2]
  [1 1 1]
  [0 0 0]
  ...
  [0 0 0]
  [0 0 0]
  [0 0 0]]

 [[1 1 1]
  [0 0 0]
  [0 0 0]
  ...
  [0 0 0]
  [0 0 0]
  [0 0 0]]

 [[0 0 0]
  [0 0 0]
  [0 0 0]
  ...
  [0 0 0]
  [0 0 0]
  [0 0 0]]

 ...

 [[4 4 4]
  [2 2 2]
  [1 1 1]
  ...
  [4 0 0]
  [5 0 0]
  [6 0 1]]

 [[3 3 3]
  [2 2 2]
  [1 1 1]
  ...
  [6 0 1]
  [5 0 0]
  [4 0 0]]

 [[1 1 1]
  [1 1 1]
  [2 2 2]
  ...
  [8 2 3]
  [5 0 0]
  [3 0 0]]]
61865
[[[0 0 0]
  [1 1 1]
  [1 1 1]
  ...
  [0 0 0]
  [0 0 0]
  [0 0 0]]

 [[0 0 0]
  [0 0 0]
  [0 0 0]
  ...
  [0 0 0]
  [0 0 0]
  [0 0 0]]

 [[0 0 0]
  [0 0 0]
  [0 0 0]
  ...
  [0 0 0]
  [0 0 0]
  [0 0 0]]

 ...

 [[9 9 9]
  [7 7 7]
  [3 3 3]
  ...
  [3 0 0]
  [6 2 0]
  [8 4 0]]

 [[4 4 4]
  [3 3 3]
  [4 4 4]
  ...
  [5 1 0]
  [6 1 0]
  [6 1 0]]

 [[0 0 0]
  [0 0 0]
  [2 2 2]
  ...
  [7 3 0]
  [6 1 0]
  [4 0 0]]]
60729
[[[ 0  0  0]
  [ 0  0  0]
  [ 0  0  0]
  ...
  [ 2  2  2]
  [ 2  2  2]
  [ 2  2  2]]

 [[ 0  0  0]
  [ 0  0  0]
  [ 0  0  0]
  ...
  [ 2  2  2]
  [ 2  2  2]
  [ 2  2  2]]

 [[ 0  0  0]
  [ 0  0  0]
  [ 0  0  0]
  ...
  [ 1  1  1]
  [ 1  1  1]
  [ 1  1  1]]

 ...

 [[ 6  6  6]
  [ 4  4  4]
  [ 3  3  3]
  ...
  [ 5  0  0]
  [ 7  1  2]
  [ 8  2  3]]

 [[ 3  3  3]
  [ 2  2  2]
  [ 2  2  2]
  ...
  [ 7  1  2]
  [ 7  1  2]
  [ 6  0  1]]

 [[ 0  0  0]
  [ 0  0  0]
  [ 0  0  0]
  ...
  [10  4  5]
  [ 8  2  3]
  [ 6  0  1]]]
62575
[[[ 0  0  0]
  [ 0  0  0]
  [ 0  0  0]
  ...
  [ 0  0  0]
  [ 0  0  0]
  [ 7  7  7]]

 [[ 0  0  0]
  [ 0  0  0]
  [ 0  0  0]
  ...
  [ 0  0  0]
  [ 0  0  0]
  [ 6  6  6]]

 [[ 0  0  0]
  [ 0  0  0]
  [ 0  0  0]
  ...
  [ 0  0  0]
  [ 0  0  0]
  [ 4  4  4]]

 ...

 [[ 4  4  4]
  [ 4  4  4]
  [ 4  4  4]
  ...
  [ 8  0  0]
  [11  0  2]
  [13  2  4]]

 [[ 1  1  1]
  [ 2  2  2]
  [ 3  3  3]
  ...
  [11  0  2]
  [12  1  3]
  [12  1  3]]

 [[ 0  0  0]
  [ 0  0  0]
  [ 1  1  1]
  ...
  [13  2  4]
  [12  1  3]
  [11  0  2]]]
62932
[[[ 0  0  0]
  [ 0  0  0]
  [ 0  0  0]
  ...
  [ 0  0  0]
  [ 0  0  0]
  [ 0  0  0]]

 [[ 0  0  0]
  [ 0  0  0]
  [ 0  0  0]
  ...
  [ 0  0  0]
  [ 0  0  0]
  [ 0  0  0]]

 [[ 0  0  0]
  [ 0  0  0]
  [ 0  0  0]
  ...
  [ 0  0  0]
  [ 0  0  0]
  [ 0  0  0]]

 ...

 [[ 6  6  6]
  [ 4  4  4]
  [ 3  3  3]
  ...
  [ 8  0  0]
  [ 9  0  0]
  [10  1  0]]

 [[ 3  3  3]
  [ 2  2  2]
  [ 2  2  2]
  ...
  [10  1  0]
  [10  0  0]
  [ 9  0  0]]

 [[ 0  0  0]
  [ 0  0  0]
  [ 0  0  0]
  ...
  [12  3  0]
  [10  0  0]
  [ 8  0  0]]]
61885
[[[ 0  0  0]
  [ 0  0  0]
  [ 0  0  0]
  ...
  [ 0  0  0]
  [ 0  0  0]
  [ 0  0  0]]

 [[ 0  0  0]
  [ 0  0  0]
  [ 0  0  0]
  ...
  [ 0  0  0]
  [ 0  0  0]
  [ 0  0  0]]

 [[ 0  0  0]
  [ 0  0  0]
  [ 0  0  0]
  ...
  [ 0  0  0]
  [ 0  0  0]
  [ 0  0  0]]

 ...

 [[10 10 10]
  [ 8  8  8]
  [ 6  6  6]
  ...
  [ 8  0  0]
  [11  2  0]
  [13  4  1]]

 [[ 6  6  6]
  [ 5  5  5]
  [ 4  4  4]
  ...
  [11  2  0]
  [12  2  0]
  [12  2  0]]

 [[ 0  0  0]
  [ 1  1  1]
  [ 1  1  1]
  ...
  [13  4  0]
  [12  2  0]
  [11  1  0]]]
62041
[[[0 0 0]
  [0 0 0]
  [0 0 0]
  ...
  [2 2 2]
  [2 2 2]
  [2 2 2]]

 [[0 0 0]
  [0 0 0]
  [0 0 0]
  ...
  [0 0 0]
  [0 0 0]
  [0 0 0]]

 [[3 3 3]
  [1 1 1]
  [0 0 0]
  ...
  [1 1 1]
  [1 1 1]
  [1 1 1]]

 ...

 [[9 9 9]
  [7 7 7]
  [5 5 5]
  ...
  [3 0 0]
  [6 0 1]
  [8 2 3]]

 [[4 4 4]
  [3 3 3]
  [3 3 3]
  ...
  [5 0 0]
  [6 0 1]
  [6 0 1]]

 [[0 0 0]
  [0 0 0]
  [0 0 0]
  ...
  [7 1 2]
  [6 0 1]
  [5 0 0]]]
62207
[[[ 0  0  0]
  [ 1  1  1]
  [ 1  1  1]
  ...
  [ 2  2  2]
  [ 3  3  3]
  [ 4  4  4]]

 [[ 0  0  0]
  [ 0  0  0]
  [ 0  0  0]
  ...
  [ 0  0  0]
  [ 0  0  0]
  [ 0  0  0]]

 [[ 0  0  0]
  [ 0  0  0]
  [ 0  0  0]
  ...
  [ 0  0  0]
  [ 2  2  2]
  [ 2  2  2]]

 ...

 [[ 7 12 11]
  [ 4  9  8]
  [ 2  7  6]
  ...
  [ 4  0  0]
  [ 7  1  2]
  [ 9  3  4]]

 [[ 1  6  5]
  [ 0  5  4]
  [ 0  5  4]
  ...
  [ 7  1  2]
  [ 8  2  3]
  [ 8  2  3]]

 [[ 0  0  0]
  [ 0  0  0]
  [ 0  1  0]
  ...
  [ 9  3  4]
  [ 8  2  3]
  [ 7  1  2]]]

Process finished with exit code 1
